80901840002788
80901840002818
80901840002848
80901840002878
80901840002908
80901840002938
80901840002968
80901840002998
80901840003028
80901840003088
80901840003148
80901840003178
80901840003208
80901840003238
80901840003268
80901840003298
80901840003328
80901840003358
80901840003388
80901840003418
80901840003448
80901840003478
80901840003508
80901840003538
80901840003568
80901840003598
80901840003628
80901840003658
80901840003688
80901840003718
80901840003748
80901840003778
80901840003808
80901840003838
80901840003868
80901840003898
80901840003928
80901840003958
80901840004018
80901840004048
80901840004078
80901840004108
80901840004138
80901840004168
80901840004198
80901840004228
80901840004258
80901840004288
80901840004318
80901840004348
80901830005572
80901840005604
80901840005635
80901840005665
80901840005695
80901840005725
80901840005827
80901840005857
80901840005887
80901840005917
80901840005947
80901840005977
80901840006007
80901840006037